Year,Country,Category,T20_Matches,T20 Catches,ODI_Matches,ODI Catches,T20_Over,T20_Runs_Given,T20_Wickets,T20_4_Wickets,T20_Bowling_Average,T20_Bowling_Strike,T20_Economy,ODI_Over,ODI_Runs_Given,ODI_Wickets,ODI_4_Wickets,ODI_Bowling_Average,ODI_Bowling_Strike,ODI_Economy
2008,Away,Medium,2,0,5,0,7,52,4,0,13,10.5,7.43,47,227,11,1,20.64,25.64,4.83
2008,Home,Vhigh,8,0,21,6,27,198,8,8,24.75,20.25,7.33,193,875,18,0,48.61,64.33,4.53
2008,Away,Vhigh,8,4,17,3,31.1,223,10,0,22.3,18.7,7.16,139.4,7,25,0,26.76,33.52,4.79
2008,Away,High,8,2,12,2,30.5,250,10,1,24.8,18.5,8.04,96,566,12,0,47.17,47.92,5.91
2008,Home,Medium,0,0,33,2,0,0,0,0,0,0,0,283.2,1396,40,1,34.5,42.5,4.93
2008,Home,High,8,2,12,4,27,230,6,0,38.33,27,8.52,102,627,21,0,29.86,29.14,6.15
2008,Home,Medium,3,0,17,4,8,75,1,0,75,48,9.38,0,0,0,0,0,0,0
2008,Away,High,8,1,29,7,29.3,240,13,0,18.46,13.62,8.14,240,811,23,1,35.26,62.61,3.38
2008,Home,Low,4,2,0,0,14.3,138,4,0,34.5,21.75,9.52,4,16,0,0,0,0,4
2008,Home,Vhigh,8,1,18,3,28,191,13,1,14.69,12.92,6.82,147.3,788,24,0,32.83,36.88,5.34
2008,Home,Medium,1,0,7,0,4,27,0,0,0,0,6.75,62.5,300,10,1,30,37.7,4.77
2008,Away,Low,5,0,25,4,15,125,2,0,62.5,45,8.33,215.5,1023,32,2,31.97,40.47,4.74
2008,Away,Medium,5,4,22,8,14,100,7,0,14.29,12,7.14,157.2,744,33,1,22.55,28.61,4.73
2008,Away,Low,5,0,17,3,18,100,5,0,20,21.6,5.56,123.4,450,20,0,22.5,37.1,3.64
2008,Home,Low,0,0,15,3,0,0,0,0,0,0,0,131.2,623,15,0,41.53,52.53,4.74
2008,Away,Low,8,2,14,3,30.4,162,13,1,13.5,14.15,5.27,112.4,604,19,0,31,35.58,5.36
2008,Away,Medium,2,0,4,0,7,26,5,1,5.2,8.4,3.71,32,180,8,0,22.5,24,5.63
2008,Home,Vhigh,0,0,1,0,0,0,0,0,0,0,0,7,38,0,0,0,0,5.43
2008,Home,Medium,0,0,13,5,0,0,0,0,0,0,0,111,538,17,0,31.65,39.18,4.85
2008,Home,Medium,0,0,11,2,0,0,0,0,0,0,0,88.3,428,17,1,25.17,31.24,4.82
2008,Away,Low,0,0,1,0,0,0,0,0,0,0,0,0,0,0,0,0,0,0
2008,Away,Medium,0,0,20,3,0,0,0,0,0,0,0,154,738,39,0,19,25,4.4
2009,Away,Medium,0,0,18,2,4,22,2,0,11,12,5.5,141.3,774,33,1,23.5,25.73,5.47
2009,Away,Low,3,0,6,1,9,68,2,2,34,27,7.56,44.2,158,14,1,11.29,19,3.56
2009,Away,Low,1,0,0,0,3,6,3,0,2,6,2,130,611,19,1,32,41,4.7
2010,Away,Vhigh,4,3,10,0,16,95,5,0,19,19.2,5.94,98.2,465,13,0,35.8,45.8,4.23
2010,Away,High,1,0,5,1,4,15,0,0,0,0,3.75,43.4,262,13,0,20.15,20.15,6
2010,Away,High,8,0,9,1,29,192,11,1,17.45,15.7,6.66,79.3,462,22,3,21,21.68,5.8
2017,Away,High,8,2,15,4,31.2,271,13,0,20.85,14.46,8.65,118.5,655,22,1,29.77,32.41,5.51
2017,Away,High,4,4,14,3,15,131,5,0,26.2,18,8.73,130,694,27,1,25.7,28.89,5.34
2017,Away,Low,2,0,12,4,8,75,4,0,18.75,12,9.38,101.2,610,22,1,27.73,27.64,6.02
2017,Away,Low,10,4,7,3,34.4,304,12,1,25.33,17.33,8.77,49.5,324,4,0,81,74.75,6.5
2017,Away,High,6,4,3,1,24,197,6,0,32.83,24,8.21,27.4,151,5,0,30.2,33.2,5.46
2011,Away,Low,0,0,0,0,8,70,2,0,35,24,8.75,52.5,358,8,0,44.75,39.63,6.78
2011,Away,Low,0,0,0,0,19,135,12,1,11.25,9.5,7.11,82,489,13,0,37.62,37.85,5.96
2011,Away,Low,0,0,0,0,4,19,0,0,0,0,4.75,110,529,27,2,19.59,24.44,4.81
2011,Away,Low,0,0,0,0,43,267,17,1,15.71,15.18,6.81,105.3,466,11,0,42.36,57.55,4.42
2011,Away,Low,0,0,0,0,18,129,6,0,21.5,18,7.17,35,187,6,0,31.17,35,5.34
2011,Away,Low,0,0,17,4,10,53,5,0,10.6,12,5.3,132.1,604,18,1,33.56,44.06,4.57
2011,Away,Low,4,2,4,4,15.5,112,7,1,16,13.57,7.07,32.2,173,12,1,14.42,16.17,5.35
2011,Away,Low,6,0,17,2,17,115,7,0,16.7,14.25,6.8,130.2,596,17,0,35,46,4.8
2011,Away,Low,1,0,2,0,3,18,0,0,0,0,6,16,71,2,0,35.5,48,4.4
2013,Away,Low,8,5,17,7,21,171,8,0,21.38,15.75,8.14,109.1,528,17,1,31.06,38.53,4.84
2013,Away,Low,4,1,1,0,13,83,7,0,11.86,11.14,6.38,95,484,16,2,30.25,35.63,5.09
2013,Away,Low,7,0,0,0,21.3,164,6,0,27.33,21.5,7.63,0,0,0,0,0,0,0
2013,Away,Low,3,0,17,1,10.4,70,2,0,35,32,6.56,142.3,645,27,2,23.89,31.67,4.53
2013,Away,Low,3,0,3,0,12,78,5,0,15.6,14.4,6.5,16,83,1,0,83,96,5.19
2013,Away,High,6,1,1,1,24,147,15,2,9.8,9.6,6.13,8,54,1,0,54,48,6.75
2013,Away,Low,9,4,8,0,13,87,6,0,14.5,13,6.69,39,194,8,0,24.25,29.25,4.97
2013,Away,High,1,2,0,0,3.4,19,2,0,9.5,11,5.18,0,0,0,0,0,0,0
2013,Away,Low,7,2,0,0,19.3,177,5,0,35.4,23.4,9.08,0,0,0,0,0,0,0
2014,Home,High,1,0,25,10,4,35,3,0,11.67,8,8.76,203,948,28,1,33.86,43.5,4.67
2014,Away,Low,0,0,12,4,0,0,0,0,0,0,0,95,474,17,1,27,33.5,5
2014,Away,Low,0,0,12,4,0,0,0,0,0,0,0,95,474,17,1,27,33.5,5
2014,Home,Medium,0,0,7,0,0,0,0,0,0,0,0,52,209,8,1,26.12,39,4
2014,Away,Low,2,0,1,0,8,79,3,0,26.3,16,9.88,2,5,0,0,0,0,3
2014,Away,Low,1,0,0,0,0,0,0,0,0,0,0,6,15,0,0,0,0,2.5
2014,Away,Vhigh,2,0,8,2,8,54,1,0,55,48,6.75,55.1,276,15,2,18.4,22.07,5
2014,Home,High,0,0,20,3,0,0,0,0,0,0,0,167,902,30,0,30.07,33.43,5.4
2014,Home,Medium,0,0,5,1,0,0,0,0,0,0,0,39.3,228,4,0,57,59.25,5.7
2014,Away,Medium,5,0,15,2,16.1,142,4,0,35,24,8,136.3,610,25,0,24.4,32.76,4.47
2014,Away,High,3,2,2,0,12,127,2,0,63.5,36,10.58,20,114,1,0,114,120,5.7
2014,Away,Low,3,1,2,2,12,55,3,0,18.33,24,4.58,19,115,5,0,23,22.8,6.05
2014,Away,Low,0,0,8,2,0,0,0,0,0,0,0,69,323,14,1,23,29,4.01
2014,Away,Low,4,1,0,0,15,87,7,0,12.43,12.86,5.8,0,0,0,0,0,0,0
2014,Away,Low,1,1,8,1,4,38,3,0,12.67,8,9.6,69,334,10,0,33.76,41.2,4.5
2014,Home,Medium,11,2,0,0,0,0,0,0,0,0,0,81,467,12,0,38.9,40.5,5.77
2014,Home,Medium,0,0,5,1,0,0,0,0,0,0,0,35,263,5,0,52.6,42.2,7.48
2014,Home,Medium,1,1,9,3,4,26,3,0,8.67,8,6.5,74.3,500,10,0,49.8,44.7,6.7
2014,Away,Low,7,1,6,2,22,159,8,0,20,16,7.23,36.3,193,8,0,24.12,27.01,5.2
2012,Away,Low,0,0,11,1,0,0,0,0,0,0,0,91,375,17,1,22.06,32.12,4.12
2012,Away,Medium,4,0,22,3,16,138,6,0,23,16,8.63,184.1,817,39,3,20.95,28.33,4.44
2012,Home,High,0,0,3,1,0,0,0,0,0,0,0,22,142,4,0,35.5,33,6.45
2012,Home,Vhigh,2,0,13,1,5.3,54,0,0,0,0,9.82,83.5,459,14,1,32.779,35.93,5.48
2012,Home,Medium,0,0,2,0,0,0,0,0,0,0,0,13,105,0,0,0,0,8.08
2012,Away,High,13,0,3,0,0,0,0,0,0,0,0,26,121,3,0,40.33,52,4.65
2012,Away,Low,2,0,9,6,6,49,1,0,49,36,8.17,71,329,18,1,18.28,23.67,4.63
2012,Away,Low,2,0,2,0,7.5,51,4,0,12.75,11.75,6.51,20,103,3,0,34.33,40,5.15
2015,Away,Low,3,2,1,0,6,47,1,0,47,36,7.83,5,25,1,0,25,30,5
2015,Away,Low,3,1,6,4,12,55,3,0,18.33,24,4.58,46,231,5,0,46.2,55.2,5.02
2015,Away,Low,4,3,7,0,10.5,63,5,0,12.6,13,5.82,48,205,4,0,51.25,72,4.27
2015,Home,High,6,0,6,1,22,147,10,0,14.7,13.2,6.68,50,216,8,0,27,37.5,4.32
2015,Away,Low,3,1,0,0,8,65,2,0,32.5,24,8.13,0,0,0,0,0,0,0
2015,Away,Low,6,1,13,0,24,155,6,0,25.83,24,6.46,107.1,16,1,0,40.75,40.19,6.08
2015,Away,High,4,2,2,0,16,95,8,0,11.88,12,5.94,20,110,4,0,27.5,30,5.5
2016,Home,Low,0,0,4,0,0,0,0,0,0,0,0,40,218,4,0,54.4,60,5.45
2016,Away,Vhigh,2,1,0,0,6.2,62,3,0,20.67,12.67,9.8,18.3,116,3,0,38.67,37,6.27
2016,Away,Medium,0,0,19,4,0,0,0,0,0,0,0,164.1,819,30,0,27.3,32.83,4.99
2016,Home,Medium,2,0,4,1,8,55,4,0,18.2,16,6.88,33,175,5,9,35,39.6,5.3
2016,Away,Low,0,0,2,0,0,0,0,0,0,0,0,16.2,77,3,0,25.67,27.17,4.71
2016,Away,Medium,0,0,4,1,0,0,0,0,0,0,0,38,241,6,1,40,38,6.23
2016,Away,High,1,0,11,4,2,21,0,0,0,0,10.5,59,327,14,2,23,25,5.23
2016,Home,Vhigh,4,1,15,4,12,83,3,0,27.67,24,6.92,115.4,651,23,0,28.3,30.17,5.63
2016,Away,Low,5,0,9,2,19.3,112,6,0,18.7,19.5,5.74,75.2,321,26,3,12.35,17.38,4.26
2016,Away,Medium,1,0,19,4,4,45,1,9,45,24,11.25,154,929,28,1,33.18,33,6.03
